0,273
0,270
3,2
3,1
3,3
10,233
10,181
10,221
10,305
10,71
10,243
11,19
11,7
11,23
9,7
9,2
9,3
8,8
8,17
8,6
8,14
8,5
8,2
8,3
74,4
74,3
74,2
74,1
74,0
73,5
73,4
73,3
73,2
73,1
73,0
70,3
70,2
70,1
70,0
69,6
69,5
69,4
69,3
69,2
69,1
69,0
67,4
67,3
67,2
67,1
67,0
66,4
66,3
66,2
66,1
66,0
62,4
62,3
62,2
62,1
62,0
61,4
61,3
61,2
61,1
61,0
59,5
59,4
59,3
59,2
59,1
59,0
56,5
56,4
56,3
56,1
54,3
54,1
52,3
52,1
45,3
45,1
42,3
42,1
20,3
20,2
20,1
19,3
19,2
19,1
16,3
16,2
16,1
15,3
15,1
14,2
13,2
12,3
12,2
12,1
11,26
18,1
11,25
18,3
11,21
11,20
11,18
11,17
11,16
11,11
11,10
14,1
11,9
14,3
11,5
11,3
13,1
11,2
13,3
